1430.5
117
1464
116.5
1497.5
119
1636.5
129.5
1547.5
122.5
1611.5
126.5
1439
114
1567
124
1669.25
263.8
1497
243
1599
245
1582
251
1478.5
238.5
1586.5
126
1467
115
1444.5
229.5
1586.5
255
1392
224.5
1665.5
262.6
1563
248
1461.25
115.2
1478.5
116.5
1621.75
255.8
1600.5
255
1588.5
252.5
1580
254
1517.25
240.2
1662
132.5
1685.5
133
1683.5
267
1388.5
221
1631.5
261
1415
225.5
1673
266.5
1415
113
1549.5
123
1598
255
1451.5
233
1644.5
261.5
1559.5
248
1626.5
259
1334.5
107.5
1561.5
124.5
1503
125
1531.5
122.5
1401.5
111.2
1377.5
110.5
